# Version: 2.0
# Format: filename|hash|timestamp|width|height|gcs_0|gcs_1|gcs_2|gcs_3

00340740-bc0c-4444-8ee7-828428f05e90.jpeg||0|0|0
0036f14a-28e8-4e3f-81c1-b02275331e61.jpeg||1761611063|0|0
010b02a3-a3ec-421a-ba4d-7a2db647e283.jpeg||1762565911|0|0
013e2dea-da87-40da-b64d-bb2b9ebf6e3c.jpeg||0|0|0
01b9b26a-7868-41c6-ad80-650b0547ab4f.jpeg||0|0|0
02cb57e4-5bb8-4007-af7a-9ce06c0719e7.jpeg||1762303994|0|0
048aed4b-512c-4d7e-974f-1e3a86715cb9.jpeg||1762065577|0|0
048efb4e-f87b-4e97-87e4-b306c42d707f.jpeg||1762651646|0|0
05c056b2-b9a7-4aec-a2c8-73a2254b44f4.jpeg||1763025061|0|0
05fb6879-e5f5-4f25-aee4-93ae4d74e898.jpeg||0|0|0
0651e751-43e7-4c42-acd6-e5a5f620622a.jpeg||0|0|0
065496d4-ec4c-4f6e-8f67-22f04b80aa11.jpeg||0|0|0
06d52e3b-d101-4fb7-8dbe-6b300e23cb02.jpeg||0|0|0
07a98178-9333-40cb-884c-acee03662751.jpeg||0|0|0
08d258fa-7dc4-4b7b-98a0-3c0f07d1d03e.jpeg||0|0|0
0a0c039a-57fe-46e7-a033-c4ef3b983134.jpeg||0|0|0
0ac60167-daf7-4a59-924a-e65e3f64abf7.jpeg||1762483134|0|0
0ad0e333-acac-4ba5-ba9b-92159b909199.jpeg||1761956039|0|0
0bba6696-2949-414b-b8ea-17c6ff9eb101.jpeg||1762665510|0|0
0c061aab-a611-4917-8722-a91645b7cf4b.jpeg||0|0|0
0c1b7274-33c7-4615-ac3b-e98d46f4ca95.jpeg||0|0|0
0c75d866-7c11-4aec-90bf-765dcdcfb2b7.jpeg||0|0|0
0d648639-2366-4a70-8972-5ae86d12c9d6.jpeg||1762167511|0|0
0e5bec78-552a-48ac-b9f6-2922378c24cc.jpeg||1761788160|0|0
0e6f26db-3b40-4e4a-816c-af815b6772a2.jpeg||0|0|0
0e95086c-a2b3-4cab-b296-6c93aa32826a.jpeg||0|0|0
0eb6eebd-0dcc-48db-99c8-43ecec8a018c.jpeg||1762483133|0|0
0ed1ae8d-43b9-421e-8c49-8b0b94e285c2.jpeg||1761884480|0|0
0f162058-2757-4a03-8d76-a31fc203f4ef.jpeg||1762076966|0|0
101853fa-2aac-4efb-9988-7991dfa79473.jpeg||0|0|0
106067cb-0e3f-4625-97fe-35fd87f8bff6.jpeg||0|0|0
106abab6-0814-4f8b-a542-b9994c5a8b60.jpeg||1762347079|0|0
10911cd5-f66f-43b3-8f6e-7d499edfd91e.jpeg||1762005207|0|0
11939a50-2e21-45fb-8265-3e98f5a9a770.jpeg||0|0|0
11cb1536-a61e-4f8a-a759-dd9fc3d16518.jpeg||1762651645|0|0
12707ec9-d421-46a6-9c02-85d8cc0c9c31.jpeg||1762396120|0|0
12a53a86-8c23-4dd1-bfd7-7615e805e6ad.jpeg||1762164751|0|0
138584e0-f23c-4b60-a7dc-667d27c3d9b6.jpeg||1762419252|0|0
13d15dfc-41ca-4bee-9c61-89b831831f1e.jpeg||1762396120|0|0
1429df17-f4c1-4b5a-b60a-bbd416e37cd6.jpeg||0|0|0
142b3cb0-531d-4551-a9dd-0e8276742d0a.jpeg||1761986389|0|0
1478a7d9-a360-4c18-8798-28b849df810c.jpeg||0|0|0
148d722c-39c9-4a57-a8d3-248b0dd5f975.jpeg||1762259520|0|0
1598d534-e24c-4d1b-8638-051cf998441f.jpeg||0|0|0
16429419-020d-485a-bb9a-10ead73fe615.jpeg||0|0|0
17098402-3e54-4be7-ab44-463e3e358649.jpeg||0|0|0
171cfeef-116b-4c2b-8ece-ed18c0fae5b6.jpeg||0|0|0
17657746-9658-40f5-a811-ac48407230ff.jpeg||0|0|0
17d8c3f0-b189-48ce-b214-135ee6426b7e.jpeg||0|0|0
17dd4b2d-d1dc-41d5-8510-a1ed3dbc185c.jpeg||0|0|0
1904021d-f52f-4581-b9d0-97894db99c18.jpeg||1761876244|0|0
19383a55-a084-4dbd-b7e9-70a12846668e.jpeg||1762420951|0|0
1a58fe29-9c18-41ff-9d1a-52a9d4bfe466.jpeg||0|0|0
1aa8a91d-1313-4af4-82eb-02b5b20fc70e.jpeg||0|0|0
1b0552b2-76d0-49e6-9b63-56d6fe7b610c.jpeg||0|0|0
1b0a488b-cd95-4ac5-a3cf-cb3a99bf28f6.jpeg||1762167504|0|0
1b0f37f4-44cd-41a7-9695-b80c7aee1c9f.jpeg||0|0|0
1b3e43e1-b623-4ba9-a4a4-b98c4d0d757a.jpeg||0|0|0
1f82a9d2-b5cf-4329-9da0-01518223d3db.jpeg||0|0|0
1f92f5bf-6509-4847-b7bd-37db2829e88c.jpeg||1762478470|0|0
1f94f854-64f9-4492-ba45-f1cd66be4c3d.jpeg||0|0|0
2070ab32-f7f0-411a-8369-c3d9005b8019.jpeg||0|0|0
20e5bca7-e110-4755-9fec-323f1fc4b4f0.jpeg||1762005530|0|0
2354cd49-bd6c-48e8-b7a7-01e085028675.jpeg||1761782701|0|0
23a8b721-b41d-4e75-bfb1-b3839940817e.jpeg||1762303994|0|0
23a9e3e8-1dc6-4c4b-98d5-e1c2f58c1198.jpeg||0|0|0
2495f7a0-fe79-4806-aafa-fe2ce0410ade.jpeg||0|0|0
25ebbe45-1d71-4d6a-b39b-003d5df3198d.jpeg||1762167511|0|0
26375c1d-e92b-457e-ad9f-4158e4fb8a4d.jpeg||1762347079|0|0
265edd3f-c01c-49be-8522-deac3cc96d13.jpeg||1762996870|0|0
26d7b5b6-9564-4628-b92a-668dcd281226.jpeg||0|0|0
2791db9e-7a7e-4a81-8189-d1eb631649ed.jpeg||0|0|0
28095afc-b0f2-4b25-bc30-2b79f3a6b9da.jpeg||0|0|0
280bb0ad-f458-4390-8a28-f44c2e0b4893.jpeg||1762092882|0|0
28c26745-8e30-4ad4-9938-2e6b9aab68b8.jpeg||1762259520|0|0
2997142f-f50e-410a-a392-734b11c93b09.jpeg||1761876244|0|0
29fad4fe-d97b-4294-a765-2a9b8a395bb9.jpeg||1762996870|0|0
2a595b77-3c17-459e-a2ab-8b1166f15a94.jpeg||0|0|0
2df0efe5-8b0b-4dc7-b432-d97502fc49bd.jpeg||0|0|0
2e6419e0-a429-446c-8a79-e0a047c2ccfd.jpeg||0|0|0
2e737e92-eaba-42ba-8a58-2831506377d4.jpeg||1762258604|0|0
2e75166b-1f9d-4b30-bd47-cb9569b8b2b7.jpeg||0|0|0
2f314dcc-0897-41d1-8ee1-7c6dfce80b2e.jpeg||1762651414|0|0
2fabd65f-7ea1-4698-89c7-bd81c503bc79.jpeg||1762242419|0|0
307a7763-6f28-48d9-bf9d-e2ebc4016945.jpeg||0|0|0
31e028b1-c28d-4c79-b13a-f138bae26720.jpeg||0|0|0
32d2ed84-14b0-4f41-8673-9e5b5f1fb890.jpeg||1762164750|0|0
33e30a7d-a700-4f2d-ab8c-6902e34a1d45.jpeg||1762259519|0|0
34344e02-1fb0-4673-999e-bc4de32cd688.jpeg||0|0|0
34b5fd9c-6aab-4c00-b2b3-2627b5c1cdee.jpeg||1761782701|0|0
34c7c2f6-1d58-4dc9-a7cc-83fbfb257589.jpeg||1762258604|0|0
35592e83-795b-4382-96c0-1338abc28945.jpeg||1762651169|0|0
35affe2c-1822-40fb-8d03-7b0fc38e9fc9.jpeg||0|0|0
36c67de6-171b-4992-a040-c16f73a7c758.jpeg||1761661505|0|0
380e30a4-c30f-41ce-b1b7-b9cead3ead5d.jpeg||1762048289|0|0
384c2b73-c863-4111-8fef-10eedb6d6e05.jpeg||0|0|0
39b3d69d-42b4-4a2f-9cd0-327762b9a771.jpeg||0|0|0
3a2aca80-91be-4c73-9805-f978c20feef0.jpeg||0|0|0
3a828c8c-265f-4633-9f41-3bfb534fcd0d.jpeg||1762660424|0|0
3aadc654-8818-4001-a013-e1d74443f87b.jpeg||0|0|0
3b3b71ee-6ed5-4e42-acc3-ae4893245b52.jpeg||0|0|0
3b744414-659c-4177-ac9e-d99d7e020587.jpeg||0|0|0
3bbd0efc-6d1e-4de1-87b6-a6651de6777c.jpeg||0|0|0
3ce7f5ab-7c1a-45e9-ab25-256f93aee8f5.jpeg||1762241831|0|0
3d44f6f5-6753-446b-83ad-15770ba53762.jpeg||0|0|0
3dac97a7-553e-4864-b6fd-9761246ee4b7.jpeg||0|0|0
3dd53de4-fafa-4801-8b6e-4fa0d0758301.jpeg||1761955384|0|0
3e9fe8da-7c24-4aa2-8151-b43cfddfef65.jpeg||1761782700|0|0
4006dd15-c1e6-4e6a-9f45-99cfe4452159.jpeg||0|0|0
4046ab89-3844-4c2d-ae82-6e4e2b4bba6a.jpeg||1762258604|0|0
405439c7-7b96-4691-802e-5a9fa1728341.jpeg||0|0|0
41e23dc2-2363-4554-b9d3-634710f9323e.jpeg||0|0|0
433570f7-6b4f-4875-ae43-60e4de93da06.jpeg||0|0|0
442407a6-555d-4e53-aaa2-c763956cd271.jpeg||0|0|0
4513ff57-634b-41cd-8e8b-bcb9f8b58408.jpeg||1762170749|0|0
455e5c69-8a6c-43e0-8a95-fb8864eed7bc.jpeg||1762912080|0|0
45883550-0e14-4911-9356-ee817b499ea0.jpeg||1762241831|0|0
462d6c59-1888-4180-a223-4cdc08554c17.jpeg||0|0|0
4694ead0-9cfc-465e-ad17-06c5f9467c79.jpeg||1762303994|0|0
492a8139-dfc5-466b-8adf-19a35a9b3363.jpeg||0|0|0
49f9fbe7-9c5a-4018-b6a4-733d123058d6.jpeg||1761089620|0|0
49f9fbe7-9c5a-4018-b6a4-733d123058d6.jpeg.jpeg||1761089151|0|0
4a301c20-5f67-4872-82ae-16489093d039.jpeg||1761986388|0|0
4aab3c1d-069d-4a06-8ee5-af49af977f02.jpeg||1762419254|0|0
4afc8ef7-904f-4a43-9d76-866a7ce42ae5.jpeg||1762651864|0|0
4b0b7ebc-8499-4a4d-a9cf-61c4181e673b.jpeg||1763025063|0|0
4bf89993-4bf4-41a9-8da3-a9ef47f23518.jpeg||1762092883|0|0
4c26f5fb-9c6c-4c87-95f6-96a767baea92.jpeg||1763025063|0|0
4c9bbe30-4200-46c7-9e1c-cc2dca1cfc4d.jpeg||0|0|0
4d300138-4d5f-45f4-8400-67efb2858280.jpeg||0|0|0
4d5937ba-0ba7-4fcb-acd9-ff88d5e350e4.jpeg||0|0|0
4e5575e6-1ac7-4abf-b51e-fbbb146ed7da.jpeg||1762396120|0|0
4f1adbcc-b50d-44fa-8f16-406dd8ef2c93.jpeg||1762565914|0|0
4f432027-cabb-402b-9eae-9a5a13b0b347.jpeg||1762092882|0|0
5062e8cf-2c74-4095-a469-087a4e70a9f5.jpeg||1762651169|0|0
5081aa89-7e39-4dfe-8061-44da3dce3a40.jpeg||0|0|0
50e5565f-360f-4819-b7a7-46328f2194a3.jpeg||1762396120|0|0
519cd6f5-be44-4092-b4a6-cd65e220c154.jpeg||0|0|0
51d0ce90-386a-41a2-a628-0c23883ae99f.jpeg||0|0|0
51ea024b-ac29-4098-9fa2-3fd4ff13ba9f.jpeg||1762419252|0|0
51eca8bc-edad-4b65-bcb5-dabdd973bf67.jpeg||0|0|0
51fc9eb9-f0d3-4be7-807e-2b12833d6e1b.jpeg||0|0|0
531438b1-7ac7-42df-b0b6-0103b760dba2.jpeg||0|0|0
5341b83b-cb63-4bfc-9e4b-eb1ffcc19bd6.jpeg||0|0|0
5396bd36-1c29-4278-a05f-4f8c39f99faa.jpeg||0|0|0
54705acd-9c2a-4d34-aa11-27734d053e0e.jpeg||0|0|0
547b3638-55da-4f81-8783-c34191e50b9a.jpeg||0|0|0
550abbc3-a382-4c3a-919d-d04620e46879.jpeg||1762005525|0|0
562b485d-c39a-4d5a-81bb-af9a7b57bceb.jpeg||0|0|0
56f5095b-5caa-4bd0-932c-bd579e2129db.jpeg||0|0|0
5705144d-62ca-41df-afee-8b1177b69c97.jpeg||1762167510|0|0
5719994f-20a3-431f-9af5-bd2a8bfe37f1.jpeg||1762912079|0|0
57316c98-3855-4e37-86da-081738f86478.jpeg||1761607806|0|0
58c17be3-6417-4e82-979f-7be22f8047c3.jpeg||1761611066|0|0
591e2f3f-57f0-47f5-a062-c964121bbfc2.jpeg||0|0|0
5a9a9da7-435b-4745-b77e-bdb2164a4df7.jpeg||1762734034|0|0
5e2f19d4-996b-4742-9cd5-c2d0529913fe.jpeg||0|0|0
5e9407ff-57eb-4883-80d4-68116d395514.jpeg||1762147252|0|0
5fd26904-7f60-4699-875c-44290f96f7ef.jpeg||0|0|0
5ffe0867-7bce-4570-a0f0-543779ab31ab.jpeg||1762092883|0|0
60107372-b22e-4833-bed6-1ea6c7c12449.jpeg||0|0|0
608f7511-ade8-4a88-86ab-79e07794168f.jpeg||1762739224|0|0
61655ac1-339c-400a-a37a-bdde2c5f34f6.jpeg||0|0|0
6263922d-8f8f-4918-a2a1-5a3d2f545f3e.jpeg||0|0|0
62c88cd5-c7c3-4fde-bb25-2a8d5dfe5bf0.jpeg||1762303988|0|0
63adff69-321d-4c16-8c85-9af7e09b949e.jpeg||0|0|0
6446c7f6-0648-4b2c-a95b-39c5200815b2.jpeg||1762076964|0|0
647e1c18-a12c-46c4-8450-6fa3030060cb.jpeg||1762005529|0|0
64c181f9-41fe-4a18-bdf6-f63a22159725.jpeg||1762660424|0|0
65c7d944-09c8-4bbc-bf5b-69ae2b7e53d7.jpeg||1762829696|0|0
663519c8-aaae-4e8f-bc77-3f4d6f081594.jpeg||1762258604|0|0
66ada0f2-e34b-496d-90b2-e16db87ab92a.jpeg||0|0|0
675e97e3-a5c7-4387-a7f4-61516f46f3d6.jpeg||0|0|0
6766d3bc-9540-4878-86ab-fa8ccea3cc56.jpeg||1761986388|0|0
67ad0d01-9797-4596-86af-13b49d9ce1a3.jpeg||0|0|0
67e3d2df-8b76-42aa-8158-0bcf850b6487.jpeg||0|0|0
6883b39d-837f-4f9b-a7e6-163b93be8159.jpeg||1762651863|0|0
6926f070-1e8c-4e9c-b818-996153a6daaf.jpeg||0|0|0
69634a35-cb38-476a-a07f-8c1c1c485efc.jpeg||0|0|0
6a89dedb-50a0-4cb4-8e69-23f346e34a1b.jpeg||1762565913|0|0
6b7b88d7-6d86-49eb-8e04-360a6dd882b5.jpeg||1762167510|0|0
6cf4de62-0a86-4fa3-83a6-b43945abae42.jpeg||1762651645|0|0
6daf702c-96fd-4efd-9b44-95e88434fe62.jpeg||1762479255|0|0
6e317a2e-1bdd-41f9-9066-adb418143d2b.jpeg||0|0|0
6e79dfc9-a399-4b8a-b5c1-232dd1b36e1f.jpeg||1762258604|0|0
6e8bf5b6-6b22-4026-8259-74ba7bc9d1c6.jpeg||1762665510|0|0
6f4ccab3-f49f-4d15-9c4b-934d747b4525.jpeg||0|0|0
6f5aad76-3c07-4deb-a467-a6a28ca9644b.jpeg||1762092881|0|0
70356b86-83e2-42a6-9f97-ce028c743950.jpeg||0|0|0
7071e146-bf7a-4a3c-95c2-3647384da69f.jpeg||1762734034|0|0
70cfa027-3d1c-49da-946c-329433f0df8e.jpeg||1762164750|0|0
71259626-b033-49e1-ae93-53b36837490d.jpeg||1762651645|0|0
716f42c2-0382-4e11-afee-f5a402aa2904.jpeg||1761524086|0|0
71964323-7cb1-44b0-84da-a4067598a52d.jpeg||0|0|0
719d856d-826f-48a1-87b0-ac218c241f8f.jpeg||0|0|0
71b7eac2-17af-4638-99dc-f7da2a035203.jpeg||1762171828|0|0
71edd9cd-00b9-4f5b-af01-1237b57e136d.jpeg||0|0|0
7245a60e-8ea4-434d-b1e9-8400f2533b23.jpeg||1762065578|0|0
72bed86a-3a7f-4e30-97df-0394ea38e417.jpeg||0|0|0
73d37676-2988-4c97-abf6-d78cfd610c0d.jpeg||0|0|0
73e223a1-6f79-4520-aee6-03470f7e12ed.jpeg||0|0|0
743887e0-cc5c-4f73-b4d9-6062bc711c19.jpeg||0|0|0
7552e0b3-4638-4ade-9dfe-9a97f9030fef.jpeg||1762651857|0|0
75e4566c-73da-4abf-9d61-c8caeadf98d5.jpeg||1762269754|0|0
7653ae0d-7852-478c-8809-671be9bc12a1.jpeg||1761661505|0|0
765491a1-43db-4ca9-abb4-d1335904043f.jpeg||1762167510|0|0
7728e64a-5365-45bd-aff2-868eccb0dc4b.jpeg||1762005529|0|0
784f4fed-166c-4c5c-adcc-1485bba09110.jpeg||1762048288|0|0
788aeb6c-df64-4932-a716-10b950887cc9.jpeg||1762171186|0|0
791f61ab-4ef4-450b-905f-1659111c40f8.jpeg||1761788164|0|0
79e6d5e2-4251-45d4-bb69-65b3bf150ad0.jpeg||1762269749|0|0
7a068fb2-9e0f-4f96-bd4a-d0a85dee8c0f.jpeg||0|0|0
7ad5d2fa-4988-4fb8-a83a-4732f8f3a6c6.jpeg||0|0|0
7afac3f9-ef72-4a39-bf2f-ecbcf67a3f39.jpeg||0|0|0
7b3e6746-e0f3-4c78-95db-4aeadfe2c310.jpeg||1762065579|0|0
7b5928e5-75eb-4fbb-bb37-7831ae4ef5e3.jpeg||1762269752|0|0
7c062c5d-a2e3-4a00-b2cd-71aa66a79377.jpeg||0|0|0
7c224d03-c2c5-491a-90dc-64da7074c9c4.jpeg||0|0|0
7ce2aaf8-2313-4443-91fa-fc75c1646b23.jpeg||1762565915|0|0
7d0ca101-2f26-40e3-a26b-9151c6b76851.jpeg||1762651645|0|0
7d3c6b3b-e1e8-4916-b805-a36d37553a1c.jpeg||0|0|0
7d4f11b8-e5b7-4805-b089-0800b8a6a265.jpeg||1762419253|0|0
7de12c06-646d-498c-89d4-c69a55451445.jpeg||0|0|0
7deac8d3-8c50-4bb3-ba1e-bd79ce8cb2e7.jpeg||0|0|0
7f3695b2-d9ca-44b0-ae11-4d3476ec8b1b.jpeg||0|0|0
803aaa63-7cd3-402b-9377-962887ae0fd5.jpeg||0|0|0
8043bdf2-6ff8-4ed2-971f-51a683186d0f.jpeg||0|0|0
81046260-721d-4a70-9261-8c493c737642.jpeg||0|0|0
83529684-5303-4ee0-805a-51df456fb500.jpeg||0|0|0
839880bc-c531-47a7-a45e-3eaf58fb0cbb.jpeg||1762171186|0|0
83ceb321-093a-460f-a0b1-38ddb6159c18.jpeg||0|0|0
84957de3-4e8d-403f-a033-8938e6d7c01e.jpeg||1762347077|0|0
84fa5f5d-0b75-4841-be0d-257e683eaddb.jpeg||0|0|0
858cb3cd-dcec-412c-be1a-4fb3c1421c0f.jpeg||0|0|0
85f1ef54-bea5-4205-b34c-e189ff91514c.jpeg||0|0|0
86087fc6-b591-47e1-8eec-5861420fba52.jpeg||0|0|0
8a5f5bd0-3431-4225-85c9-6c911b8e5dab.jpeg||0|0|0
8a9f5259-7949-44ad-849c-ff69f4065be0.jpeg||1761607806|0|0
8ae96d66-38f3-48fd-8768-83107309be47.jpeg||1762921170|0|0
8b0b80fd-3c33-48f3-addc-73aa608d9cd2.jpeg||1762485465|0|0
8b5880b9-3a07-490e-aac7-9d87dc1374d5.jpeg||0|0|0
8b760e2a-0a96-4ede-8299-4e8b3e9fd13f.jpeg||0|0|0
8b7fcb68-2f9a-4417-9b3d-22c33aa4b56b.jpeg||1762065578|0|0
8c6ecdd2-f74a-4991-8ca4-394d09af0fbc.jpeg||1762303995|0|0
8c7ea4ee-fa2e-432a-b520-7b1a3339d73e.jpeg||0|0|0
8d2ac7aa-eabe-4872-aee5-fde7b3109def.jpeg||1762651414|0|0
8d7fe1fd-f654-45bb-8c57-207fb0de585e.jpeg||1762350322|0|0
8e5621c8-74ae-4bf5-8822-0a43dfe88bf5.jpeg||0|0|0
8e882a23-8135-4c48-8042-eb0b872407cc.jpeg||0|0|0
8e8f1480-7482-435e-8b2a-305f6ff680d7.jpeg||0|0|0
901318e0-2442-4b32-8387-2d6b2261aa8d.jpeg||0|0|0
914c5bf4-da5d-4874-b0f3-b5317b811627.jpeg||1763025062|0|0
9152e881-aa56-43e4-a0ef-321f255d56ef.jpeg||1761782701|0|0
92130fc6-d310-4766-97fd-cea10151c220.jpeg||1762171423|0|0
92179efb-9d67-4f66-bb4c-8206b8eb8e8b.jpeg||1762005209|0|0
92aa3187-b468-4b98-be27-4f44fd7e94a2.jpeg||1761607806|0|0
92e98a5c-6a37-4c1f-aa80-f48334fa818c.jpeg||0|0|0
9500d1bd-3237-4fe0-9f67-1629e1139ec6.jpeg||1762660425|0|0
97981758-eacc-4742-9e36-868662c30486.jpeg||1762518263|0|0
9861bfcf-2c01-45ce-9bfb-d7290020463d.jpeg||1762147250|0|0
99802643-590b-48b8-b912-a83df591e7d7.jpeg||1761782701|0|0
9a4a1dbc-046e-4e42-b1d9-8c1f8558323c.jpeg||0|0|0
9a5069df-9ab9-4e51-a791-980920a027bb.jpeg||0|0|0
9d4456db-2881-4724-ae2b-e2feb8804e58.jpeg||0|0|0
9df5eb32-44dd-4098-a6ec-c8059d705d30.jpeg||0|0|0
9e07a860-f2a0-4f91-8a35-b3a696bb27e6.jpeg||0|0|0
9eeb5b57-cb2a-4c45-ab69-317a60bfd332.jpeg||1762665510|0|0
9f1c7fd0-4c07-4dfa-aee8-53bd7c7a8110.jpeg||1762258604|0|0
9f882a2b-b02e-4c40-a10c-f140136bdeb8.jpeg||1762396120|0|0
a01071c1-f22a-4f5c-a34d-cb070783f455.jpeg||0|0|0
a159fcfc-e952-4ec1-bd15-06d6c589afab.jpeg||0|0|0
a193dc82-2a74-4a00-9db8-51c404d8fc22.jpeg||0|0|0
a44f6dfd-9744-4e86-984a-0c44cfeaef78.jpeg||0|0|0
a541f124-00b0-46b2-84e9-04ec91bf7208.jpeg||0|0|0
a5683b88-caa5-4758-ba4d-12773b26cb5a.jpeg||0|0|0
a602b143-b6e2-4908-9e29-601e3079b4fa.jpeg||1761611066|0|0
a7d9c002-58e3-4d3c-9576-64aa9c92cb45.jpeg||1762996870|0|0
a88a48eb-f3b0-4cba-b2a6-7297669b2079.jpeg||1761797868|0|0
a8c1661d-6a29-4aeb-93f4-8e49b037c465.jpeg||0|0|0
a93f673d-0fcc-4adc-963e-64c6d382383b.jpeg||0|0|0
a93fd714-18b8-49f3-8eb7-ea5747dfb0ad.jpeg||1762170750|0|0
a9bf9e34-9afa-4d4a-adef-79e7c5f082fc.jpeg||1762350322|0|0
a9db69ec-92c2-4df5-b9b7-4f6f6c5b569f.jpeg||0|0|0
aad16517-3ddf-4dd4-a105-e3cc3fc885a2.jpeg||1761788159|0|0
abbe4043-820d-4b18-bf7f-60be4ffc45c1.jpeg||1762005209|0|0
ad007cb9-ce4a-4075-aa7a-940155410869.jpeg||1762167503|0|0
ad35f2f3-4586-4370-afb2-215f0045d959.jpeg||0|0|0
ad6f6d75-e067-4c62-aeb6-ef3e09b0965c.jpeg||1762242346|0|0
adb39286-d102-4b5a-9c39-0f4d23ee4db0.jpeg||0|0|0
aea3a31d-a114-4bfd-bedb-a35db8bb2c84.jpeg||1761524087|0|0
b0201a70-fe65-4cd1-9fd6-5c6b68d3deae.jpeg||0|0|0
b08e3af0-eff8-4aed-a170-9467dfcc64e7.jpeg||0|0|0
b10aeb24-5991-41e3-bb7c-b87655e99dde.jpeg||0|0|0
b18c2286-bb41-453c-b612-e4ffe02e80d8.jpeg||1762269754|0|0
b1c6a70a-8109-4cbe-9d02-4f6d201ca955.jpeg||1762921167|0|0
b2177776-9227-4ca5-b224-9a5a9d8bffb9.jpeg||0|0|0
b276cff3-4e33-46fc-9460-05cdc0cdc657.jpeg||1762483133|0|0
b2c62e97-32fe-4344-8af1-7bf9f0609760.jpeg||0|0|0
b352691a-943b-4b03-b70d-b65d0997dc3e.jpeg||1762483134|0|0
b365823a-ad60-411e-8a00-f05b4ef0c73f.jpeg||1761955384|0|0
b40936b0-7ea8-4dd9-83f6-a36f9bf19b64.jpeg||1762518263|0|0
b41c884e-a395-4249-b721-45b3da895b3d.jpeg||1762005529|0|0
b48271b9-0955-4655-9fcd-15a32e4bba98.jpeg||0|0|0
b4c52b9d-c7fb-43d5-9f67-fe0525a946aa.jpeg||0|0|0
b4dcbe49-e81f-4064-9567-14db4b2aecf9.jpeg||1762419254|0|0
b4de71fc-cb2c-4f2c-a0f7-32df444210a2.jpeg||1762651864|0|0
b552fc9a-d036-4e42-bd62-e17e42b54d21.jpeg||0|0|0
b5d080ae-baf0-4fff-8e2d-7ed9503ddc17.jpeg||1762483251|0|0
b630b773-d2c6-418e-8743-e77839c21a19.jpeg||1762921167|0|0
b848f3ef-a315-4513-9339-9f82af3e1b38.jpeg||1761788163|0|0
b9c090ba-f7e4-4e0e-b693-3022641e84c4.jpeg||0|0|0
bb2fe9e9-75ef-45af-9835-8621e3a0e73d.jpeg||0|0|0
bb9a3d97-93d5-473e-b576-541584551e6c.jpeg||1762565913|0|0
bc6a22fe-cc2b-4c27-8e75-a986761a78ba.jpeg||1762242420|0|0
bcfdc89c-208c-458b-97f0-7dd98f8b600b.jpeg||1761876244|0|0
bd48e66f-610a-4ff3-9c5b-4e462fe9698f.jpeg||0|0|0
bdb6ddc1-fff3-47e5-8720-1b78b14b6e69.jpeg||1761704194|0|0
bde71e20-f7bf-4d8c-b728-c40046fb64c3.jpeg||1762269754|0|0
bee724c7-4b4a-45fc-a2d0-c6445ccb6af6.jpeg||0|0|0
bf3eefcb-f1a8-4926-9317-b47012e0e31b.jpeg||0|0|0
bf9dd3b2-6e1d-41cd-8019-393e89f950c1.jpeg||1762170750|0|0
c0395535-90e4-4eba-a097-ad77456f6b7a.jpeg||1761524086|0|0
c0c1050a-8ac4-4abb-81aa-65c0613549f3.jpeg||1762734034|0|0
c1706f61-6f12-4b1c-bb26-813d332b10c2.jpeg||0|0|0
c202019a-a6a1-400e-988a-7891ca476229.jpeg||1762258604|0|0
c259e145-73c0-4c3a-8e06-bf5b768bddee.jpeg||0|0|0
c27035c8-ca6e-437c-8f81-dbb5f8b5372a.jpeg||1761797868|0|0
c5b2e7a1-6d59-41dc-a6ea-b6ff15a60515.jpeg||1762170749|0|0
c637b13f-0552-426b-98ad-596459f1c4ad.jpeg||1762651864|0|0
c6be46b6-d518-403d-81bf-0c7bab83c652.jpeg||1762048289|0|0
c6c304dc-0bee-4ac5-a1b8-613df2ae2285.jpeg||0|0|0
c745114b-4fd0-4f50-81d3-fd451b5aed7e.jpeg||1762566153|0|0
c7e1dce6-66ab-4a30-b6ae-574360bffa9d.jpeg||0|0|0
c8105e64-cb21-4a4f-8e71-48d6e6fdde10.jpeg||1762065578|0|0
c87ff89e-cc8f-4c79-98e9-bcd7f7f832a3.jpeg||0|0|0
c8d0f7f0-f5df-46ca-993f-1d71fd9ded15.jpeg||1762242419|0|0
ca7cfff1-0901-4bbc-865f-5703554e2e36.jpeg||1763025063|0|0
cbdc4c46-ec50-46f2-870b-7ecb0d7a900f.jpeg||1762005530|0|0
ccf2232b-74a0-4fbe-a08f-cee7bedea11e.jpeg||1762478470|0|0
cd321a11-0e7f-441f-a918-5555486a3e43.jpeg||0|0|0
cd3d1f21-edd4-4c92-aa12-6c18a3db4a2c.jpeg||1762167511|0|0
cdfa6ee7-a3e2-4430-a174-f550b059328d.jpeg||0|0|0
cf872a9b-6376-4db3-bbec-0eb3fc4bbdb7.jpeg||1762912080|0|0
d058b5da-2353-4653-bb82-a7d7bb759f24.jpeg||0|0|0
d2ee033e-5d9e-467f-808c-99ea81895cea.jpeg||0|0|0
d362db31-f8f6-467a-9969-77f67a990d2c.jpeg||1762912080|0|0
d36fd00d-4351-40ca-8e4c-fb47de69bc78.jpeg||1761611067|0|0
d3fef6c9-c7ef-47e2-be49-c1421811ad24.jpeg||1762651414|0|0
d4f01a81-7da5-4347-833c-f870bbb3e2bf.jpeg||1762167510|0|0
d5854fad-fec9-46ab-8bee-e18e37c8a44e.jpeg||0|0|0
d5995c60-6d9d-4fd1-9424-c9d3c2ba1720.jpeg||1762996870|0|0
d6439df4-ea46-48c3-b6bf-c7a10fa15442.jpeg||1761611063|0|0
d73bb295-1b04-41be-8551-7424c31ed0f9.jpeg||1762147251|0|0
d7dbd6fa-ca9d-4692-b9d1-7faf77f3fa6e.jpeg||0|0|0
d8c9c7e2-3bca-4d91-a2e5-0fd963322ae9.jpeg||1762739225|0|0
d91482b5-1eae-4271-ba4d-88f7cc3bf299.jpeg||0|0|0
d937603e-cc36-4dd5-80a6-6c0cf047d6d0.jpeg||0|0|0
dae77f36-97b3-4482-a970-168dbd031694.jpeg||1762241829|0|0
db7eec2c-8b2b-410c-b202-01f2b30e426e.jpeg||0|0|0
dc7556a2-7383-4077-90f8-a2a4001ba620.jpeg||1762005525|0|0
dde03c13-cc07-4deb-b389-d6075a2264be.jpeg||1761607806|0|0
dde3c3e4-fa71-4b9e-b3fe-aa0a02af4f8b.jpeg||1762478471|0|0
ddf8f1f0-f1cb-45d4-9232-9f22cb2c270b.jpeg||0|0|0
de31d2a4-fe24-405e-9719-9ea4034d3e96.jpeg||0|0|0
dec45d1a-1ec6-415c-bf65-1044a93b078f.jpeg||1762259520|0|0
df02f938-21b2-433e-8a71-859c5930be33.jpeg||0|0|0
df3bdfb2-06db-4249-9fa1-42b72f7d0071.jpeg||1762347080|0|0
dff01feb-9df4-4bfd-8660-783aa19ad70e.jpeg||1762048289|0|0
e07ef3b8-5191-436a-92ea-d0a938df3a46.jpeg||0|0|0
e3348e01-0565-4e74-aad7-5980e45f5663.jpeg||0|0|0
e3762b70-2b51-4505-90e7-cfee78ee6411.jpeg||0|0|0
e37f29ee-421b-44d2-9a02-9696e82436e0.jpeg||0|0|0
e39d4f69-8d1b-4ca1-871e-e4960fd86756.jpeg||1762005208|0|0
e3fad5ad-53c7-4e77-af17-ae1bd505bdff.jpeg||0|0|0
e47c0612-7724-4042-b31f-cca5702dc280.jpeg||1762518262|0|0
e51cfdf6-e541-487e-a348-f48b411379d8.jpeg||1762565914|0|0
e600dc12-c4c4-4279-a772-62c45aacb115.jpeg||0|0|0
e609bcc8-f1d7-4e1f-9ce6-300bea2d2015.jpeg||0|0|0
e65eb963-ac2a-4b99-8c54-fd4a4ef98405.jpeg||0|0|0
e875c225-2ce3-44de-8133-912cd2b91544.jpeg||0|0|0
e88ac13b-fdad-4b40-91c8-afe58c3ef7b5.jpeg||0|0|0
e96847a6-e58a-4646-9625-d0a7188aa4df.jpeg||0|0|0
ea1daca5-a7a5-400d-81c0-cf42178f781e.jpeg||0|0|0
ea9fb85a-9e75-4b3a-bc10-2d780ed98554.jpeg||1762167511|0|0
eab5a1fc-9a0c-4f1f-9123-c5a01b9dfe32.jpeg||1762167511|0|0
ecb84d84-fc90-4cad-aa26-e81d0a25a466.jpeg||1762829696|0|0
ecbd6cd8-688f-466e-98f9-91d7ed3f4825.jpeg||1762242420|0|0
ece2e861-8947-429d-ac71-e3272d440395.jpeg||1762350322|0|0
ed7eb815-c096-4e31-bf72-21aed1a12ec2.jpeg||0|0|0
edace86c-1640-41b8-be70-b53a6f240501.jpeg||1762565915|0|0
ee0af5b2-2045-40f5-b07e-86b2f862c29a.jpeg||0|0|0
ee2dc3e3-68a9-44ab-87b8-cce47bf03013.jpeg||0|0|0
ee7ccc0b-387a-4e8c-a838-9d738f62a74d.jpeg||1761705809|0|0
ef2267a7-0a8b-459d-896f-0ce96c6cb30d.jpeg||0|0|0
ef97f2e3-5df4-48fb-a8d1-aff1c1731825.jpeg||1762164751|0|0
f1637748-3276-4b1c-939c-6b17ab614a62.jpeg||0|0|0
f19c4615-c822-4627-aaf4-05ede5beb56a.jpeg||1761955384|0|0
f2fdc673-dad2-4bad-b851-45f97f27c677.jpeg||1762829696|0|0
f3879928-3553-447d-a240-d0d6ccc7750d.jpeg||1762921170|0|0
f4903ea8-0501-4c92-b6d4-10fc5bf3905a.jpeg||1762739224|0|0
f5bdc187-e061-471b-b1cb-fa3faee8a923.jpeg||0|0|0
f5ebe430-14fa-4745-9837-5a7425616e52.jpeg||1761884480|0|0
f6367265-d490-4aae-8bed-46de6de9c818.jpeg||1762485467|0|0
f7269574-4e3e-453e-929e-d13dd4a723a2.jpeg||1762076964|0|0
f77d0770-dfed-4cdc-8602-014bd527bcdf.jpeg||1762808553|0|0
f8501942-ecae-48b8-9a64-d6eb6caa8dfe.jpeg||0|0|0
f872a745-8e3d-47c1-b6aa-8d66049b68e1.jpeg||0|0|0
f96a79aa-0e1f-466a-ac68-9b7968d4870b.jpeg||1761788163|0|0
fa4e708d-1464-4d0e-bc4b-d7505f65a95e.jpeg||0|0|0
fa689092-a929-4639-bba3-28b629a797b0.jpeg||1762651169|0|0
fd413fc5-179e-42db-bd63-bc85bcf723fd.jpeg||0|0|0
fea457bc-fa6b-4890-b89c-5d4d28ff368b.jpeg||0|0|0
ffd3c794-fce1-4da1-81cd-1e3b57fa495c.jpeg||0|0|0
